0 1
0 2
0 3
1 2
1 3
1 4
1 5
1 58
1 59
2 3
2 4
2 5
2 6
2 56
2 57
2 58
2 59
3 4
3 5
3 6
3 56
3 57
3 58
3 101
3 102
3 103
3 104
3 107
4 5
4 6
4 7
4 56
4 101
4 102
4 103
4 104
5 6
5 7
5 56
5 57
5 101
6 7
6 8
6 9
6 54
6 55
6 56
6 57
7 8
7 9
7 10
7 53
7 54
7 55
7 56
8 9
8 10
8 11
8 52
8 53
8 54
8 55
8 73
8 74
8 75
9 10
9 11
9 52
9 53
9 54
9 55
9 72
9 74
10 11
10 12
10 51
10 52
10 53
10 54
10 74
11 12
11 13
11 14
11 50
11 51
11 52
11 53
11 54
11 74
11 75
11 76
12 13
12 14
12 48
12 49
12 50
12 51
12 52
12 53
12 159
12 160
13 14
13 15
13 47
13 48
13 49
13 50
13 51
13 52
13 76
13 77
13 78
13 157
13 158
13 159
13 160
14 15
14 16
14 17
14 46
14 47
14 48
14 49
14 50
14 51
14 52
14 76
14 77
14 78
14 156
14 157
14 158
14 159
14 160
15 16
15 17
15 18
15 23
15 24
15 25
15 45
15 46
15 47
15 48
15 49
15 50
15 51
15 76
15 78
15 155
15 156
15 157
15 158
15 159
15 160
16 17
16 18
16 19
16 22
16 23
16 24
16 25
16 37
16 46
16 47
16 48
16 49
16 51
16 76
16 78
16 118
16 154
16 155
16 156
16 157
16 158
17 18
17 19
17 20
17 21
17 22
17 23
17 24
17 25
17 37
17 38
17 39
17 40
17 46
17 117
17 132
17 154
17 155
17 156
17 157
17 158
18 19
18 20
18 21
18 22
18 23
18 24
18 37
18 38
18 39
18 117
18 131
18 132
18 151
18 152
18 153
18 154
18 155
18 156
18 157
19 20
19 21
19 22
19 23
19 117
19 118
19 150
19 151
19 152
19 153
19 154
19 155
19 156
20 21
20 22
20 23
20 39
20 40
20 151
20 152
20 154
20 155
20 156
21 22
21 23
21 38
21 39
21 40
21 41
21 155
21 156
22 23
22 24
22 25
22 37
22 38
22 39
22 40
22 41
22 155
22 156
23 24
23 25
23 26
23 36
23 37
23 38
23 39
23 40
23 46
23 47
23 48
23 155
23 156
23 157
24 25
24 26
24 27
24 35
24 36
24 37
24 38
24 39
24 46
24 47
24 48
24 49
24 132
24 135
24 136
24 137
24 155
25 26
25 27
25 28
25 34
25 35
25 36
25 37
25 38
25 39
25 46
25 47
25 48
25 78
25 136
25 137
26 27
26 28
26 29
26 33
26 34
26 35
26 36
26 37
26 38
26 46
26 47
26 48
26 49
26 78
26 79
26 95
26 136
26 137
27 28
27 29
27 32
27 33
27 34
27 35
27 36
27 47
28 29
28 30
28 31
28 32
28 33
28 34
28 35
28 79
28 95
29 30
29 31
29 32
29 33
29 34
30 31
30 32
30 33
31 32
31 33
31 34
32 33
32 34
32 35
33 34
33 35
33 94
33 95
33 96
34 35
34 36
34 94
34 136
35 36
35 37
35 38
35 93
35 94
35 135
35 136
35 137
35 138
36 37
36 38
36 132
36 134
36 135
36 136
36 137
37 38
37 39
37 40
37 132
37 134
37 135
37 136
37 137
38 39
38 40
38 46
38 135
38 136
39 40
39 41
39 42
40 41
40 42
40 43
40 44
40 46
41 42
41 43
41 44
42 43
42 44
42 45
43 44
43 45
43 46
44 45
44 46
44 47
45 46
45 47
45 48
45 158
45 160
46 47
46 48
46 49
47 48
47 49
47 50
47 78
47 79
48 49
48 50
48 51
48 76
48 77
48 78
48 79
48 157
48 158
48 159
48 160
49 50
49 51
49 52
49 75
49 76
49 77
49 78
49 79
49 157
50 51
50 52
50 75
50 76
50 77
50 78
50 79
50 80
50 83
51 52
51 53
51 74
51 75
51 76
51 77
51 78
51 157
52 53
52 54
52 73
52 74
52 75
52 76
52 77
52 107
53 54
53 55
53 72
53 73
53 74
53 75
53 76
53 107
53 108
53 109
53 110
54 55
54 56
54 57
54 71
54 72
54 73
54 74
54 75
54 107
54 108
54 109
54 110
55 56
55 57
55 58
55 70
55 71
55 72
55 73
55 74
55 107
55 109
56 57
56 58
56 70
56 71
56 72
56 73
56 109
57 58
57 59
57 60
57 64
57 66
57 70
57 71
58 59
58 60
58 61
58 62
58 63
58 64
58 65
58 66
58 70
59 60
59 61
59 62
59 63
59 64
59 65
59 66
60 61
60 62
60 63
60 64
60 65
60 66
61 62
61 63
61 64
61 65
62 63
62 64
62 65
63 64
63 65
63 66
64 65
64 66
64 67
65 66
65 67
65 68
66 67
66 68
66 69
66 70
66 71
67 68
67 69
67 70
68 69
68 70
68 71
69 70
69 71
69 72
70 71
70 72
70 73
71 72
71 73
71 74
71 108
71 109
71 110
71 111
71 123
72 73
72 74
72 107
72 108
72 109
72 110
72 111
73 74
73 75
73 106
73 107
73 108
73 109
73 110
73 111
73 120
73 121
73 122
73 123
74 75
74 76
74 106
74 107
74 108
74 109
74 110
74 111
74 120
74 121
75 76
75 77
75 83
75 84
75 85
75 102
75 105
75 106
75 107
75 108
75 109
75 110
75 120
76 77
76 78
76 79
76 82
76 83
76 84
76 85
76 95
76 106
76 107
76 108
76 120
77 78
77 79
77 80
77 81
77 82
77 83
77 84
77 95
77 96
78 79
78 80
78 81
78 82
78 83
78 84
78 95
79 80
79 81
79 82
79 83
79 84
79 95
79 96
79 97
80 81
80 82
80 83
80 97
81 82
81 83
81 95
81 96
81 97
81 98
81 99
81 100
82 83
82 84
82 85
82 94
82 95
82 96
82 97
82 98
83 84
83 85
83 86
83 93
83 94
83 95
83 96
83 97
83 98
83 102
83 106
83 107
84 85
84 86
84 87
84 92
84 93
84 94
84 95
84 96
84 97
84 105
84 106
84 107
84 108
85 86
85 87
85 88
85 92
85 93
85 94
85 95
85 96
85 97
85 98
85 102
85 103
85 104
85 105
85 106
85 107
85 108
85 122
86 87
86 88
86 89
86 90
86 91
86 92
86 93
86 94
86 95
86 96
86 104
86 105
86 106
86 107
86 108
86 122
86 124
86 125
86 128
86 129
86 130
86 137
86 138
86 139
87 88
87 89
87 90
87 91
87 92
87 93
87 94
87 95
87 105
87 138
87 139
88 89
88 90
88 91
88 92
88 93
88 105
88 125
88 138
88 139
89 90
89 91
89 92
89 93
90 91
90 92
90 93
90 138
90 139
91 92
91 93
91 94
91 128
91 130
91 133
91 137
91 138
91 139
91 140
91 141
92 93
92 94
92 130
92 131
92 132
92 133
92 136
92 137
92 138
92 139
92 140
93 94
93 95
93 96
93 130
93 131
93 136
93 137
93 138
93 139
94 95
94 96
94 137
94 138
95 96
95 97
95 98
96 97
96 98
96 106
97 98
97 99
97 100
97 102
98 99
98 100
98 101
98 102
98 103
98 106
99 100
99 101
99 102
99 103
100 101
100 102
100 103
101 102
101 103
101 104
101 106
102 103
102 104
102 105
102 106
102 107
103 104
103 105
103 106
103 107
103 124
104 105
104 106
104 107
104 108
104 122
104 123
104 124
104 125
105 106
105 107
105 108
105 122
105 123
105 124
105 125
106 107
106 108
106 109
106 122
106 123
106 124
107 108
107 109
107 110
107 120
107 121
107 122
107 123
107 124
108 109
108 110
108 111
108 119
108 120
108 121
108 122
108 123
108 124
108 125
108 126
108 128
108 129
108 130
109 110
109 111
109 119
109 120
109 121
109 122
109 123
109 124
109 126
109 129
110 111
110 112
110 113
110 118
110 119
110 120
110 121
110 122
110 123
110 129
111 112
111 113
111 114
111 117
111 118
111 119
111 120
111 121
111 129
112 113
112 114
112 115
112 116
112 117
112 118
112 119
112 120
112 154
112 155
113 114
113 115
113 116
113 117
113 118
113 119
113 148
113 153
113 154
113 155
114 115
114 116
114 117
114 118
114 119
114 154
114 155
114 156
115 116
115 117
115 118
116 117
116 118
116 154
116 155
116 156
116 157
117 118
117 119
117 153
117 154
117 155
117 156
117 157
118 119
118 120
118 121
118 153
118 154
118 155
118 156
118 157
119 120
119 121
119 129
119 130
119 131
119 152
119 153
119 154
119 155
119 156
120 121
120 122
120 123
120 128
120 129
120 130
120 131
120 139
120 153
120 154
120 155
121 122
121 123
121 124
121 125
121 126
121 127
121 128
121 129
121 130
121 131
121 139
121 140
121 141
121 142
121 153
122 123
122 124
122 125
122 126
122 127
122 128
122 129
122 130
122 139
123 124
123 125
123 126
123 127
123 128
123 129
124 125
124 126
124 127
124 128
125 126
125 127
125 128
125 129
126 127
126 128
126 129
126 141
126 142
126 143
127 128
127 129
127 139
127 140
127 141
127 142
127 143
127 144
128 129
128 130
128 131
128 138
128 139
128 140
128 141
128 142
128 143
128 144
128 153
129 130
129 131
129 138
129 139
129 140
129 141
129 142
129 143
129 152
129 153
129 154
130 131
130 132
130 133
130 137
130 138
130 139
130 140
130 141
130 142
130 152
130 153
130 154
130 155
131 132
131 133
131 134
131 135
131 136
131 137
131 138
131 139
131 140
131 141
131 142
131 150
131 151
131 152
131 153
131 154
131 155
132 133
132 134
132 135
132 136
132 137
132 138
132 139
132 140
132 151
132 152
132 153
132 154
132 155
133 134
133 135
133 136
133 137
133 138
133 139
133 140
133 152
133 153
134 135
134 136
134 137
134 138
134 152
135 136
135 137
135 138
135 152
136 137
136 138
137 138
137 139
137 140
137 152
137 153
138 139
138 140
138 141
138 153
139 140
139 141
139 142
139 153
140 141
140 142
140 143
140 150
140 152
140 153
141 142
141 143
141 147
141 153
142 143
142 144
142 145
142 146
142 147
142 148
142 149
142 150
142 153
143 144
143 145
143 146
143 147
143 148
143 150
144 145
144 146
144 147
144 148
145 146
145 147
145 148
145 149
146 147
146 148
146 149
147 148
147 149
147 150
148 149
148 150
148 151
148 153
149 150
149 151
149 152
149 153
149 154
150 151
150 152
150 153
150 154
151 152
151 153
151 154
151 155
152 153
152 154
152 155
153 154
153 155
154 155
154 156
155 156
155 157
156 157
156 158
157 158
157 159
157 160
158 159
158 160
159 160
