0	1
0	2
0	3
0	4
0	59
0	62
1	2
1	3
1	4
1	5
1	6
1	57
1	58
1	59
1	62
2	3
2	4
2	5
2	6
2	55
2	56
2	57
2	58
2	59
2	62
2	63
2	71
2	73
2	104
2	123
3	4
3	5
3	6
3	7
3	54
3	55
3	56
3	57
3	58
3	59
3	71
3	73
3	101
3	102
3	103
3	104
3	105
3	106
3	107
3	123
3	124
4	5
4	6
4	7
4	54
4	56
4	57
4	99
4	100
4	101
4	102
4	103
4	104
4	107
4	123
5	6
5	7
5	8
5	54
5	55
5	56
5	57
5	100
5	101
5	102
5	107
6	7
6	8
6	9
6	53
6	54
6	55
6	56
6	57
6	58
6	73
6	75
6	100
6	101
6	102
6	103
6	104
6	106
6	107
6	123
7	8
7	9
7	10
7	11
7	52
7	53
7	54
7	55
7	56
7	57
7	72
7	73
7	100
7	107
8	9
8	10
8	11
8	51
8	52
8	53
8	54
8	55
8	73
8	74
8	75
8	100
8	102
8	107
9	10
9	11
9	12
9	52
9	53
9	54
9	55
9	56
9	57
9	70
9	71
9	72
9	73
9	74
9	75
9	107
10	11
10	12
10	50
10	51
10	52
10	53
10	54
10	55
10	72
10	73
10	74
10	75
11	12
11	13
11	14
11	49
11	50
11	51
11	52
11	53
11	54
11	74
11	75
11	77
11	83
11	102
12	13
12	14
12	15
12	16
12	48
12	49
12	50
12	51
12	52
12	53
12	54
12	73
12	74
12	75
12	76
12	77
12	110
12	118
12	120
12	156
12	157
12	158
12	159
12	160
13	14
13	15
13	16
13	46
13	47
13	48
13	49
13	50
13	51
13	52
13	76
13	77
13	78
13	79
13	80
13	157
13	158
13	159
13	160
14	15
14	16
14	17
14	24
14	26
14	46
14	47
14	48
14	49
14	50
14	51
14	52
14	53
14	74
14	75
14	76
14	77
14	78
14	118
14	120
14	155
14	156
14	157
14	158
14	159
14	160
15	16
15	17
15	18
15	22
15	23
15	24
15	25
15	26
15	40
15	44
15	45
15	46
15	47
15	48
15	49
15	50
15	51
15	76
15	78
15	118
15	120
15	155
15	156
15	157
15	158
15	159
15	160
16	17
16	18
16	19
16	22
16	23
16	24
16	25
16	26
16	35
16	37
16	38
16	40
16	46
16	47
16	48
16	49
16	50
16	51
16	52
16	74
16	75
16	76
16	77
16	78
16	84
16	93
16	110
16	117
16	118
16	119
16	120
16	130
16	131
16	132
16	137
16	153
16	154
16	155
16	156
16	157
16	158
17	18
17	19
17	20
17	21
17	22
17	23
17	24
17	25
17	26
17	37
17	38
17	39
17	40
17	46
17	47
17	48
17	49
17	51
17	76
17	116
17	117
17	118
17	120
17	132
17	137
17	151
17	152
17	153
17	154
17	155
17	156
17	157
17	158
18	19
18	20
18	21
18	22
18	23
18	24
18	25
18	36
18	37
18	38
18	39
18	40
18	116
18	117
18	118
18	120
18	130
18	131
18	132
18	133
18	135
18	136
18	137
18	151
18	152
18	153
18	154
18	155
18	156
18	157
19	20
19	21
19	22
19	23
19	24
19	37
19	113
19	114
19	115
19	116
19	117
19	118
19	131
19	132
19	150
19	151
19	152
19	153
19	154
19	155
19	156
19	157
20	21
20	22
20	23
20	24
20	37
20	38
20	39
20	40
20	41
20	132
20	150
20	151
20	152
20	153
20	154
20	155
20	156
21	22
21	23
21	24
21	37
21	38
21	39
21	40
21	41
21	151
21	154
21	155
21	156
22	23
22	24
22	25
22	36
22	37
22	38
22	39
22	40
22	41
22	46
22	132
22	134
22	135
22	152
22	154
22	155
22	156
23	24
23	25
23	26
23	35
23	36
23	37
23	38
23	39
23	40
23	41
23	42
23	44
23	45
23	46
23	47
23	48
23	49
23	132
23	135
23	136
23	137
23	155
23	156
23	158
24	25
24	26
24	27
24	34
24	35
24	36
24	37
24	38
24	39
24	40
24	46
24	47
24	48
24	49
24	76
24	78
24	84
24	93
24	95
24	120
24	130
24	131
24	132
24	133
24	135
24	136
24	137
24	138
24	152
24	153
24	154
24	155
24	156
24	157
25	26
25	27
25	28
25	29
25	33
25	34
25	35
25	36
25	37
25	38
25	39
25	40
25	46
25	47
25	48
25	49
25	78
25	95
25	132
25	135
25	136
25	137
25	155
26	27
26	28
26	29
26	32
26	33
26	34
26	35
26	36
26	37
26	38
26	46
26	47
26	48
26	49
26	50
26	51
26	76
26	77
26	78
26	79
26	82
26	84
26	93
26	94
26	95
26	120
26	130
26	132
26	136
26	137
26	155
27	28
27	29
27	30
27	31
27	32
27	33
27	34
27	35
27	36
27	37
27	38
27	47
27	78
27	79
27	95
27	137
28	29
28	30
28	31
28	32
28	33
28	34
28	35
28	36
28	47
28	49
28	77
28	78
28	79
28	80
28	81
28	82
28	84
28	94
28	95
28	96
29	30
29	31
29	32
29	33
29	34
29	35
29	36
29	95
30	31
30	32
30	33
30	34
30	82
31	32
31	33
31	34
31	82
32	33
32	34
32	35
32	94
32	95
33	34
33	35
33	36
33	78
33	79
33	80
33	81
33	82
33	83
33	93
33	94
33	95
33	96
33	97
33	136
34	35
34	36
34	37
34	94
34	95
34	135
34	136
34	137
35	36
35	37
35	38
35	47
35	49
35	78
35	79
35	83
35	84
35	85
35	87
35	92
35	93
35	94
35	95
35	96
35	130
35	132
35	133
35	134
35	135
35	136
35	137
35	138
35	155
36	37
36	38
36	39
36	46
36	47
36	132
36	133
36	134
36	135
36	136
36	137
37	38
37	39
37	40
37	131
37	132
37	133
37	134
37	135
37	136
37	137
37	138
37	152
37	155
38	39
38	40
38	41
38	46
38	47
38	132
38	135
38	136
39	40
39	41
39	42
39	44
39	46
40	41
40	42
40	43
40	44
40	45
40	46
40	47
40	48
40	156
40	158
41	42
41	43
41	44
41	46
42	43
42	44
42	45
42	46
42	48
43	44
43	45
43	46
43	48
43	158
43	160
44	45
44	46
44	47
44	48
44	158
44	160
45	46
45	47
45	48
45	158
45	159
45	160
46	47
46	48
46	49
46	158
46	160
47	48
47	49
47	50
47	51
47	77
47	78
47	79
47	84
47	95
47	158
47	160
48	49
48	50
48	51
48	76
48	77
48	78
48	79
48	157
48	158
48	159
48	160
49	50
49	51
49	52
49	74
49	75
49	76
49	77
49	78
49	79
49	82
49	83
49	84
49	93
49	95
49	120
49	130
49	137
49	155
49	156
49	157
49	158
49	160
50	51
50	52
50	53
50	54
50	74
50	75
50	76
50	77
50	78
50	79
50	80
50	81
50	82
50	83
50	84
50	157
51	52
51	53
51	54
51	73
51	74
51	75
51	76
51	77
51	78
51	79
51	83
51	84
51	108
51	110
51	118
51	120
51	130
51	155
51	156
51	157
51	158
51	159
52	53
52	54
52	55
52	72
52	73
52	74
52	75
52	76
52	77
52	83
52	102
52	106
52	107
52	108
52	110
52	120
52	157
53	54
53	55
53	56
53	71
53	72
53	73
53	74
53	75
53	76
53	107
53	108
53	109
53	110
53	111
53	112
53	118
53	120
53	157
53	159
54	55
54	56
54	57
54	70
54	71
54	72
54	73
54	74
54	75
54	76
54	77
54	83
54	100
54	102
54	106
54	107
54	108
54	109
54	110
54	123
55	56
55	57
55	58
55	69
55	70
55	71
55	72
55	73
55	74
55	75
55	107
55	109
55	110
55	123
56	57
56	58
56	59
56	69
56	70
56	71
56	72
56	73
56	107
56	109
56	123
57	58
57	59
57	60
57	63
57	64
57	70
57	71
57	72
57	73
57	123
58	59
58	60
58	61
58	62
58	63
58	64
58	65
58	66
58	67
58	68
58	69
58	70
58	71
58	72
58	73
58	109
58	123
59	60
59	61
59	62
59	63
59	64
59	65
59	66
59	70
60	61
60	62
60	63
60	64
60	65
60	66
60	70
61	62
61	63
61	64
61	65
61	66
62	63
62	64
62	65
62	66
63	64
63	65
63	66
63	70
64	65
64	66
64	67
64	70
65	66
65	67
65	68
65	69
65	70
66	67
66	68
66	69
66	70
66	71
67	68
67	69
67	70
67	71
68	69
68	70
68	71
69	70
69	71
69	72
69	109
69	111
70	71
70	72
70	73
70	109
70	110
70	111
70	123
71	72
71	73
71	74
71	104
71	107
71	108
71	109
71	110
71	111
71	121
71	122
71	123
71	124
71	126
72	73
72	74
72	75
72	107
72	108
72	109
72	110
72	111
72	112
72	119
72	120
72	121
72	123
73	74
73	75
73	76
73	103
73	104
73	106
73	107
73	108
73	109
73	110
73	111
73	119
73	120
73	121
73	122
73	123
73	124
74	75
74	76
74	77
74	83
74	84
74	102
74	104
74	105
74	106
74	107
74	108
74	109
74	110
74	111
74	118
74	119
74	120
74	121
74	122
74	123
74	130
74	155
74	157
75	76
75	77
75	78
75	82
75	83
75	84
75	85
75	100
75	102
75	103
75	104
75	105
75	106
75	107
75	108
75	109
75	110
75	120
75	130
76	77
76	78
76	79
76	80
76	81
76	82
76	83
76	84
76	85
76	93
76	94
76	95
76	96
76	102
76	105
76	106
76	107
76	108
76	109
76	110
76	118
76	119
76	120
76	121
76	130
76	137
76	155
76	157
77	78
77	79
77	80
77	81
77	82
77	83
77	84
77	85
77	95
77	96
77	97
77	102
77	106
77	108
78	79
78	80
78	81
78	82
78	83
78	84
78	85
78	93
78	94
78	95
78	96
78	108
78	137
79	80
79	81
79	82
79	83
79	84
79	85
79	95
79	96
79	97
80	81
80	82
80	83
80	95
80	96
80	97
80	98
80	102
81	82
81	83
81	84
81	85
81	95
81	96
81	97
81	98
81	99
81	100
81	102
82	83
82	84
82	85
82	94
82	95
82	96
82	97
82	98
82	102
83	84
83	85
83	86
83	87
83	93
83	94
83	95
83	96
83	97
83	98
83	99
83	100
83	101
83	102
83	103
83	105
83	106
83	107
83	108
84	85
84	86
84	87
84	92
84	93
84	94
84	95
84	96
84	97
84	98
84	102
84	103
84	104
84	105
84	106
84	107
84	108
84	120
84	130
84	131
84	137
84	138
84	139
84	155
85	86
85	87
85	88
85	89
85	91
85	92
85	93
85	94
85	95
85	96
85	97
85	98
85	99
85	100
85	101
85	102
85	103
85	104
85	105
85	106
85	107
85	108
85	122
85	124
85	130
85	137
85	138
85	139
86	87
86	88
86	89
86	90
86	91
86	92
86	93
86	94
86	95
86	96
86	103
86	104
86	105
86	106
86	107
86	108
86	120
86	121
86	122
86	123
86	124
86	125
86	128
86	129
86	130
86	137
86	138
86	139
86	140
87	88
87	89
87	90
87	91
87	92
87	93
87	94
87	95
87	96
87	105
87	108
87	122
87	124
87	125
87	128
87	130
87	137
87	138
87	139
88	89
88	90
88	91
88	92
88	93
88	94
88	105
88	122
88	124
88	125
88	128
88	139
89	90
89	91
89	92
89	93
89	94
89	96
89	105
89	139
90	91
90	92
90	93
90	94
90	96
90	133
90	136
90	137
90	138
90	139
91	92
91	93
91	94
91	105
91	122
91	125
91	128
91	129
91	130
91	131
91	133
91	136
91	137
91	138
91	139
91	140
91	141
92	93
92	94
92	95
92	96
92	105
92	108
92	122
92	128
92	129
92	130
92	131
92	132
92	133
92	134
92	136
92	137
92	138
92	139
92	140
93	94
93	95
93	96
93	105
93	106
93	108
93	120
93	122
93	128
93	129
93	130
93	131
93	132
93	133
93	136
93	137
93	138
93	139
93	140
93	155
94	95
94	96
94	97
94	105
94	106
94	108
94	130
94	136
94	137
94	138
94	139
95	96
95	97
95	98
95	108
95	137
96	97
96	98
96	99
96	102
96	103
96	105
96	106
96	108
97	98
97	99
97	100
97	102
97	103
98	99
98	100
98	101
98	102
98	103
98	105
98	106
98	107
99	100
99	101
99	102
99	103
99	106
100	101
100	102
100	103
100	106
100	107
101	102
101	103
101	104
101	105
101	106
101	107
102	103
102	104
102	105
102	106
102	107
102	108
102	123
103	104
103	105
103	106
103	107
103	108
103	123
103	124
104	105
104	106
104	107
104	108
104	109
104	121
104	122
104	123
104	124
104	125
104	126
105	106
105	107
105	108
105	109
105	121
105	122
105	123
105	124
105	125
105	128
105	130
105	139
106	107
106	108
106	109
106	120
106	121
106	122
106	123
106	124
106	130
107	108
107	109
107	110
107	120
107	121
107	122
107	123
107	124
107	125
107	130
108	109
108	110
108	111
108	119
108	120
108	121
108	122
108	123
108	124
108	125
108	126
108	128
108	129
108	130
108	137
108	139
109	110
109	111
109	112
109	118
109	119
109	120
109	121
109	122
109	123
109	124
109	125
109	126
109	127
109	128
109	129
109	130
110	111
110	112
110	113
110	116
110	117
110	118
110	119
110	120
110	121
110	122
110	123
110	129
110	130
110	153
110	155
110	156
110	157
111	112
111	113
111	114
111	116
111	117
111	118
111	119
111	120
111	121
111	122
111	123
111	126
111	127
111	128
111	129
111	130
111	144
111	153
111	154
111	155
111	157
112	113
112	114
112	115
112	116
112	117
112	118
112	119
112	120
112	121
112	129
112	144
112	148
112	154
112	155
112	157
113	114
113	115
113	116
113	117
113	118
113	119
113	120
113	121
113	129
113	130
113	142
113	143
113	144
113	145
113	147
113	148
113	149
113	150
113	151
113	152
113	153
113	154
113	155
113	156
114	115
114	116
114	117
114	118
114	119
114	148
114	149
114	150
114	151
114	152
114	153
114	154
114	155
114	156
115	116
115	117
115	118
115	154
115	156
116	117
116	118
116	119
116	154
116	155
116	156
116	157
116	158
116	159
117	118
117	119
117	120
117	150
117	151
117	152
117	153
117	154
117	155
117	156
117	157
118	119
118	120
118	121
118	129
118	130
118	131
118	151
118	152
118	153
118	154
118	155
118	156
118	157
118	158
119	120
119	121
119	122
119	128
119	129
119	130
119	131
119	140
119	142
119	143
119	150
119	152
119	153
119	154
119	155
119	156
119	157
120	121
120	122
120	123
120	125
120	127
120	128
120	129
120	130
120	131
120	132
120	137
120	138
120	139
120	140
120	142
120	152
120	153
120	154
120	155
120	156
120	157
121	122
121	123
121	124
121	125
121	126
121	127
121	128
121	129
121	130
121	139
121	140
121	141
121	142
121	143
121	144
121	153
121	155
122	123
122	124
122	125
122	126
122	127
122	128
122	129
122	130
122	138
122	139
122	140
122	141
122	142
123	124
123	125
123	126
123	127
123	128
123	129
123	130
123	139
124	125
124	126
124	127
124	128
124	139
125	126
125	127
125	128
125	129
125	139
125	140
125	141
125	142
126	127
126	128
126	129
126	141
126	142
126	143
126	144
127	128
127	129
127	130
127	139
127	140
127	141
127	142
127	143
127	144
127	145
127	147
127	153
128	129
128	130
128	131
128	138
128	139
128	140
128	141
128	142
128	143
128	153
129	130
129	131
129	132
129	133
129	137
129	138
129	139
129	140
129	141
129	142
129	143
129	144
129	145
129	147
129	148
129	150
129	152
129	153
129	154
129	155
130	131
130	132
130	133
130	136
130	137
130	138
130	139
130	140
130	141
130	142
130	150
130	151
130	152
130	153
130	154
130	155
131	132
131	133
131	134
131	135
131	136
131	137
131	138
131	139
131	140
131	141
131	142
131	150
131	151
131	152
131	153
131	154
131	155
132	133
132	134
132	135
132	136
132	137
132	138
132	139
132	140
132	150
132	151
132	152
132	153
132	154
132	155
132	156
133	134
133	135
133	136
133	137
133	138
133	139
133	140
133	141
133	150
133	152
133	153
133	155
134	135
134	136
134	137
134	138
134	139
134	140
134	152
135	136
135	137
135	138
135	140
135	152
136	137
136	138
136	139
136	140
136	152
136	155
137	138
137	139
137	140
137	152
137	153
137	154
137	155
137	156
138	139
138	140
138	141
138	142
138	152
138	153
138	155
139	140
139	141
139	142
139	152
139	153
139	155
140	141
140	142
140	143
140	147
140	150
140	151
140	152
140	153
140	154
140	155
141	142
141	143
141	144
141	146
141	147
141	150
141	152
141	153
142	143
142	144
142	145
142	146
142	147
142	148
142	149
142	150
142	151
142	152
142	153
142	154
143	144
143	145
143	146
143	147
143	148
143	149
143	150
143	153
144	145
144	146
144	147
144	148
144	153
145	146
145	147
145	148
145	149
145	153
146	147
146	148
146	149
146	150
147	148
147	149
147	150
147	151
147	152
147	153
147	154
148	149
148	150
148	151
148	152
148	153
148	154
149	150
149	151
149	152
149	153
149	154
150	151
150	152
150	153
150	154
150	155
151	152
151	153
151	154
151	155
151	156
152	153
152	154
152	155
153	154
153	155
153	156
154	155
154	156
154	157
155	156
155	157
155	158
156	157
156	158
156	159
157	158
157	159
157	160
158	159
158	160
159	160
