299	10
299	12
299	105
300	12
300	105
301	12
301	13
301	14
301	82
301	83
301	103
301	105
301	107
302	105
302	106
302	107
302	108
302	111
303	107
303	111
304	107
304	108
304	109
304	110
304	111
304	112
305	111
305	112
306	111
306	112
320	111
320	112
322	82
322	105
322	106
322	107
322	108
322	111
323	105
324	10
324	83
324	103
324	105
325	10
325	85
325	105
326	10
326	85
327	9
327	10
327	12
327	85
327	101
327	103
327	105
328	9
328	10
328	11
328	12
328	13
328	83
328	84
328	85
328	101
328	102
328	103
328	104
328	105
329	10
329	85
329	101
329	103
329	105
330	83
330	85
330	105
331	83
331	85
331	105
332	50
332	81
332	82
332	83
332	105
332	106
332	107
332	111
334	111
337	112
341	111
341	112
342	112
343	112
345	112
346	112
347	108
347	109
347	110
347	111
347	112
348	107
348	108
348	109
348	111
348	112
349	15
349	16
349	18
349	80
349	81
349	82
349	83
349	105
349	106
349	107
349	108
349	109
349	110
349	111
349	112
350	16
350	107
350	108
351	13
351	14
351	15
351	16
351	17
351	18
351	19
351	23
351	104
351	105
351	106
351	107
351	108
352	12
352	13
352	14
352	105
352	107
353	8
353	10
353	11
353	12
353	13
353	14
353	15
353	23
353	25
353	26
353	103
353	104
353	105
353	107
354	8
354	12
354	13
354	14
354	15
354	16
354	19
354	23
354	24
354	25
354	26
354	103
354	104
354	105
354	107
355	8
355	10
355	11
355	12
355	13
355	14
355	23
355	24
355	25
355	26
355	27
355	103
356	7
356	8
356	10
356	11
356	12
356	13
356	25
356	26
356	27
357	8
357	12
357	13
390	14
390	23
390	107
391	8
391	12
391	25
392	8
392	24
392	25
392	26
392	27
393	8
393	24
393	26
393	27
393	28
393	29
394	24
394	25
394	26
394	27
394	69
395	23
395	24
396	12
396	13
396	14
396	19
396	23
396	24
396	25
396	26
396	27
397	19
397	23
397	24
398	23
399	23
423	8
424	8
426	8
429	8
458	8
461	7
461	8
461	9
461	10
462	8
462	9
462	10
462	11
462	12
462	13
463	8
463	9
463	10
463	11
463	12
463	85
463	100
463	101
463	102
463	103
464	9
464	10
465	5
465	6
465	7
465	8
465	9
465	10
465	100
466	3
466	9
467	3
467	5
467	6
467	9
468	3
468	5
512	9
512	85
512	87
512	101
512	103
513	9
513	101
514	8
514	9
514	10
514	85
514	87
514	99
514	100
514	101
515	3
515	9
515	98
515	99
516	3
516	4
516	5
516	6
516	7
516	8
516	9
516	10
516	97
516	98
516	99
516	100
517	3
517	5
517	9
517	97
517	98
518	1
518	3
518	5
518	97
518	98
519	3
520	3
521	3
523	3
580	9
580	87
580	98
580	99
580	101
581	9
581	85
581	87
581	101
